115
112.4
114.12
111.95
111.62
109.73
108.225
106.745
109.41
112.65
111.78
112.94
112.54
112.01
113.99
113.91
112.52
110.38
109.33
106.25
106.26
107.75
111.89
112.01
109.25
110.22
109.8
106.82
105.99
108.72
109.55
112.4
112.98
113.1
109.14
115.31
118.9
117.16
118.63
118.65
119.56
119.94
118.93
119.72
122.02
124.88
126.46
127.08
127.83
128.715
128.45
129.495
133
132.17
128.79
130.415
128.46
129.09
129.36
128.54
126.41
126.6
127.14
124.51
122.24
124.45
123.59
124.95
127.04
128.47
127.495
125.9
127.21
126.69
123.38
124.24
123.25
126.37
124.43
124.25
125.32
127.35
126.01
125.6
126.56
127.1
126.85
126.3
126.78
126.17
124.75
127.6
126.91
128.62
129.67
130.28
132.65
130.56
128.64
125.15
128.95
128.7
125.8
125.01
125.26
127.62
126.32
125.865
126.01
128.95
128.77
130.19
130.07
130.06
131.39
132.54
129.62
132.045
131.78
130.28
130.535
129.96
130.12
129.36
128.65
127.8
127.42
128.88
128.59
127.17
126.92
127.6
127.3
127.88
126.6
127.61
127.03
128.11
127.5
126.75
124.53
125.425
126.6
126.44
126
125.69
122.57
120.07
123.28
125.66
125.61
126.82
128.51
129.62
132.07
130.75
125.22
125.16
124.5
122.77
123.38
122.99
122.37
121.3
118.44
114.64
115.4
115.13
115.52
119.72
113.49
115.24
115.15
115.96
117.16
116.5
115.01
112.65
105.76
103.12
103.74
109.69
112.92
113.29
112.76
107.72
112.34
110.37
109.27
112.31
110.15
112.57
114.21
115.31
116.28
116.41
113.92
113.45
115.21
113.4
114.32
115
114.71
112.44
109.06
110.3
109.58
110.38
110.78
111.31
110.78
109.5
112.12
111.6
111.79
110.21
111.86
111.04
111.73
113.77
113.76
115.5
119.08
115.28
114.55
119.27
120.53
119.5
121.18
122.57
122
120.92
121.06
120.57
116.77
116.11
115.72
112.34
114.175
113.69
117.29
118.78
119.3
117.75
118.88
118.03
117.81
118.3
117.34
116.28
115.2